
101669031
101676030
101620319
101540531
101605200
101549033
101529315
101507115
101512484
101559235
101483449
101511162
101319536
101265649
101266881
101269163
101259013
101295755
101513478
101477873
101230060
101240303
101231976
101197449
101197857
101151468
101139554
101150203
101119673
101094212
100960533
101287865
101092791
9812842
9810948
100888334
9814276
9709307
9440157
9413298
9315133
9317982
9318488
9215446
9107377
9009212
9200492
8902615
9426356
8610241
8805644
8903118
8502408
8308958
9004784
8204476
8006959
9891832
7804127
7702639
7613461
7505563
0420510
0320657
1303703
0240537
9716531
0151434
0376452
0377775
2985190R
0374755